           1   0.0000000000000000     
           2   0.0000000000000000     
           3   0.0000000000000000     
           4   0.0000000000000000     
           5   0.0000000000000000     
           6   0.0000000000000000     
           7   0.0000000000000000     
           8   0.0000000000000000     
           9   0.0000000000000000     
          10   0.0000000000000000     
          11   0.0000000000000000     
          12   0.0000000000000000     
          13   0.0000000000000000     
          14   0.0000000000000000     
          15   0.0000000000000000     
          16   0.0000000000000000     
          17   0.0000000000000000     
          18   0.0000000000000000     
          19   0.0000000000000000     
          20   0.0000000000000000     
          21   0.0000000000000000     
          22   0.0000000000000000     
          23   0.0000000000000000     
          24   0.0000000000000000     
          25   0.0000000000000000     
          26   0.0000000000000000     
          27   0.0000000000000000     
          28   0.0000000000000000     
          29   0.0000000000000000     
          30   0.0000000000000000     
          31   0.0000000000000000     
          32   0.0000000000000000     
          33   0.0000000000000000     
          34   0.0000000000000000     
          35   0.0000000000000000     
          36   0.0000000000000000     
          37   0.0000000000000000     
          38   0.0000000000000000     
          39   0.0000000000000000     
          40   0.0000000000000000     
          41   0.0000000000000000     
          42   0.0000000000000000     
          43   0.0000000000000000     
          44   0.0000000000000000     
          45   0.0000000000000000     
          46   0.0000000000000000     
          47   0.0000000000000000     
          48   0.0000000000000000     
          49   0.0000000000000000     
          50   0.0000000000000000     
          51   0.0000000000000000     
          52   0.0000000000000000     
          53   0.0000000000000000     
          54   0.0000000000000000     
          55   0.0000000000000000     
          56   0.0000000000000000     
          57   0.0000000000000000     
          58   0.0000000000000000     
          59   0.0000000000000000     
          60   0.0000000000000000     
          61   0.0000000000000000     
          62   0.0000000000000000     
          63   0.0000000000000000     
          64   0.0000000000000000     
          65   0.0000000000000000     
          66   0.0000000000000000     
          67   0.0000000000000000     
          68   0.0000000000000000     
          69   0.0000000000000000     
          70   0.0000000000000000     
          71   0.0000000000000000     
          72   0.0000000000000000     
          73   0.0000000000000000     
          74   0.0000000000000000     
          75   0.0000000000000000     
          76   0.0000000000000000     
          77   0.0000000000000000     
          78   0.0000000000000000     
          79   0.0000000000000000     
          80   0.0000000000000000     
          81   0.0000000000000000     
          82   0.0000000000000000     
          83   0.0000000000000000     
          84   0.0000000000000000     
          85   0.0000000000000000     
          86   0.0000000000000000     
          87   0.0000000000000000     
          88   0.0000000000000000     
          89   0.0000000000000000     
          90   0.0000000000000000     
          91   0.0000000000000000     
          92   0.0000000000000000     
          93   0.0000000000000000     
          94   0.0000000000000000     
          95   0.0000000000000000     
          96   0.0000000000000000     
          97   0.0000000000000000     
          98   0.0000000000000000     
          99   0.0000000000000000     
         100   0.0000000000000000     
         101   0.0000000000000000     
         102   0.0000000000000000     
         103   0.0000000000000000     
         104   0.0000000000000000     
         105   0.0000000000000000     
         106   0.0000000000000000     
         107   0.0000000000000000     
         108   0.0000000000000000     
         109   0.0000000000000000     
         110   0.0000000000000000     
         111   0.0000000000000000     
         112   0.0000000000000000     
         113   0.0000000000000000     
         114   0.0000000000000000     
         115   0.0000000000000000     
         116   0.0000000000000000     
         117   0.0000000000000000     
         118   0.0000000000000000     
         119   0.0000000000000000     
         120   2365375777.9136658     
         121   20635740203.497704     
         122   23086361281.926872     
         123   4643029048.3523846     
         124   322883243.64334619     
         125   234511230.67411906     
         126   239146515.35050896     
         127   210260618.84093454     
         128   140778085.52799800     
         129   215032947.85174698     
         130   604632772.04661691     
         131   603117741.46354091     
         132   303362461.84170932     
         133   801921896.81852484     
         134   821898240.76129246     
         135   314640525.52186066     
         136   261155921.02624717     
         137   229609740.88241166     
         138   268174724.65839085     
         139   468599927.07949334     
         140   553901410.66376877     
         141   405727712.73958158     
         142   347897027.10804081     
         143   385135153.57812220     
         144   404120838.52037609     
         145   423734240.82811540     
         146   504674771.52602464     
         147   624868871.96612799     
         148   672239438.23551607     
         149   655122927.31919813     
         150   680134431.31325638     
         151   737499256.80533063     
         152   868179853.57876551     
         153   1032479898.6035020     
         154   1424529378.2598410     
         155   1797003761.1665492     
         156   1698455861.2461541     
         157   1511754289.8980265     
         158   1446815433.7602882     
         159   1466978332.6874237     
         160   1587156577.4349389     
         161   1803954638.1386442     
         162   2073273736.6996825     
         163   2375729659.4686685     
         164   2601450730.1950393     
         165   3252121679.2202597     
         166   3714524224.1773615     
         167   3537445200.1696863     
         168   3798181262.6574020     
         169   4713030069.7153625     
         170   5672455966.4488354     
         171   6175623993.0733290     
         172   6515874669.0891161     
         173   6899941137.9764767     
         174   7778752744.4092913     
         175   9296661788.3447151     
         176   10835836287.428858     
         177   12456722202.770018     
         178   14081786842.452360     
         179   15007937001.684334     
         180   16516688973.057734     
         181   19861341584.713631     
         182   21968410810.636086     
         183   22056871615.092575     
         184   21237229609.289860     
         185   21639027483.633274     
         186   24923186046.488449     
         187   28561466266.310276     
         188   31669380382.597225     
         189   34670772162.827271     
         190   37235857204.945427     
         191   40453400135.633621     
         192   42525806554.575134     
         193   40852705900.527695     
         194   46697026550.903748     
         195   55460935248.508469     
         196   59886964446.696716     
         197   64174270090.925606     
         198   65422032167.887260     
         199   68159246539.439583     
         200   74225298676.653168     
         201   81483836734.471848     
         202   87360137117.679977     
         203   93361038734.663239     
         204   104542403607.39032     
         205   113158136253.26660     
         206   118055259617.66934     
         207   129173936203.09653     
         208   150635137224.38425     
         209   194033497734.64743     
         210   264967306994.86829     
         211   334624098511.35175     
         212   363798477833.96448     
         213   358233568719.57251     
         214   402576196703.28552     
         215   434243998146.28699     
         216   392355764696.31201     
         217   380669649942.14618     
         218   444296981144.60516     
         219   521303571724.91290     
         220   543408766986.28632     
         221   512614457162.02771     
         222   506763267434.05762     
         223   641053237129.15479     
         224   718815911637.63696     
         225   662989997286.84375     
         226   558730597086.61218     
         227   470765084183.35309     
         228   532453673579.33557     
         229   601757131307.96277     
         230   595063572333.67310     
         231   624211435686.86084     
         232   629307611425.51721     
         233   607811252868.56506     
         234   520704462335.73431     
         235   540318698281.96234     
         236   620519576021.53052     
         237   602436748230.97632     
         238   571383932707.74182     
         239   535908701748.45996     
         240   531627317932.53021     
         241   557632459227.48987     
         242   746265858422.65356     
         243   875497103386.93945     
         244   820435317679.80359     
         245   723069834309.48096     
         246   642218060308.47498     
         247   678313866251.67407     
         248   669388167860.96582     
         249   650901603119.67346     
         250   757886069779.04382     
         251   718021053800.47986     
         252   584988773342.07800     
         253   603152954831.00598     
         254   728237926593.88037     
         255   899512646297.69055     
         256   1179756867994.7795     
         257   1492230226445.6035     
         258   1688183274548.6111     
         259   1581294506322.8777     
         260   1318845614207.1902     
         261   1191855656507.8115     
         262   1306104177891.5759     
         263   1755847789972.1699     
         264   2729374463943.4409     
         265   3474909848006.8789     
         266   3496459591047.3931     
         267   3489442139345.6138     
         268   3476743090808.4321     
         269   3402371565627.9819     
         270   3532588801174.3218     
         271   3543495835182.5625     
         272   3035832818416.5068     
         273   2818030937153.3477     
         274   2461728251240.2856     
         275   2152849220616.9619     
         276   2914295130651.5630     
         277   3465907574157.7266     
         278   2968873520614.0723     
         279   1902764286151.7175     
         280   1328714256383.2808     
         281   2074213051342.0164     
         282   3578005520148.4165     
         283   4458741758729.9434     
         284   4190140440593.4839     
         285   3080214387138.3970     
         286   3385143687664.6704     
         287   4900732135403.2949     
         288   4956955703877.7715     
         289   5752792949160.7168     
         290   7920497406952.3047     
         291   8998323642891.4336     
         292   8479924191707.9971     
         293   8046104149752.8926     
         294   8042784449104.8535     
         295   8086767462596.4893     
         296   8240399536628.5059     
         297   7854531232180.7334     
         298   7614701685446.3096     
         299   7372774296224.2031     
         300   7179513071788.8262     
         301   6830679403857.2275     
         302   7394905372903.1357     
         303   8571774501380.7988     
         304   9747398551821.4277     
         305   9550225017391.9531     
         306   9256045531957.3398     
         307   9298029404034.2598     
         308   9878907783611.7031     
         309   9140999765047.2363     
         310   8882007890889.3496     
         311   10825873460872.756     
         312   11405400525124.674     
         313   11010838990040.045     
         314   11234762845702.207     
         315   10713785228175.645     
         316   10443636483705.496     
         317   11403681448433.746     
         318   12128686470200.787     
         319   11396147709882.074     
         320   12518753188411.568     
         321   12787359032397.994     
         322   11693306543806.018     
         323   11434174491918.777     
         324   11867375279931.086     
         325   13705825006625.748     
         326   15625771413756.637     
         327   16537619954344.492     
         328   16079627952086.197     
         329   16748721845840.100     
         330   17964857070056.543     
         331   17207144904975.029     
         332   16665136772945.859     
         333   16367658313745.145     
         334   16317935668606.533     
         335   16651130382168.160     
         336   15601564942988.988     
         337   14474512680657.963     
         338   15425397270114.076     
         339   16577234382572.270     
         340   17353392762908.838     
         341   17324279703044.279     
         342   16998023160975.492     
         343   17493572190888.648     
         344   15983772308689.730     
         345   15379781674716.158     
         346   16867636843611.955     
         347   16604228337382.385     
         348   16357587590193.309     
         349   16314990052236.193     
         350   17435798990386.781     
         351   18714043170215.000     
         352   17487258806459.176     
         353   17664507706493.313     
         354   19658089926065.980     
         355   20085356026768.035     
         356   18413954355507.594     
         357   16102745165000.803     
         358   14129550038361.191     
         359   15268682730553.857     
         360   18490719217453.777     
         361   17587635286360.600     
         362   17519518130998.463     
         363   18911603855969.012     
         364   19071812658462.258     
         365   20381010437945.336     
         366   22653368033724.051     
         367   23234431380233.973     
         368   22095435672264.996     
         369   22218609639077.191     
         370   23081639550736.844     
         371   22398813701659.898     
         372   21921742149018.555     
         373   19544888391508.645     
         374   17871346801320.281     
         375   18940407395312.363     
         376   21067176588643.430     
         377   22945132947297.191     
         378   25660553398534.359     
         379   24198313592693.035     
         380   22242024422620.840     
         381   22914345753324.672     
         382   19209209203794.863     
         383   14963355238788.299     
         384   15925819415690.553     
         385   19655009298806.633     
         386   20296403782047.160     
         387   20288592361882.379     
         388   20141787780907.047     
         389   21492008313170.383     
         390   24433331091833.773     
         391   26153319522907.801     
         392   24771804397840.504     
         393   17331305832153.393     
         394   15628081286706.537     
         395   23503755550094.887     
         396   23322535156050.887     
         397   18265688801776.691     
         398   24160678872425.066     
         399   32838794919383.266     
         400   34842131194943.777     
         401   35730645290975.688     
         402   36778996492912.328     
         403   36418088560073.047     
         404   35487490972901.438     
         405   35381639203498.398     
         406   34731181473343.008     
         407   34130335400841.141     
         408   35586201331074.703     
         409   36857341130603.359     
         410   34410845301606.387     
         411   33749851319475.348     
         412   37557016300168.742     
         413   37016129768536.023     
         414   36522200947125.477     
         415   36347185729177.031     
         416   37310126876181.461     
         417   37278097090298.898     
         418   35280038500639.945     
         419   35748333896802.688     
         420   36531371431731.680     
         421   37682273485730.852     
         422   36446189450335.313     
         423   34871557726577.410     
         424   37092737441325.891     
         425   37287215572270.891     
         426   36461366985487.688     
         427   35476489389377.602     
         428   34047024525319.414     
         429   33392312963203.773     
         430   29062910654052.008     
         431   29481872765528.246     
         432   36405133869690.352     
         433   36707364114231.594     
         434   37373316917018.875     
         435   37122180693651.555     
         436   39722825196013.266     
         437   41463909018973.813     
         438   37814811992409.680     
         439   37008249386962.867     
         440   39533542017425.164     
         441   40062916993584.063     
         442   43513656139231.375     
         443   43634422482060.031     
         444   43352922489232.734     
         445   42948793179123.031     
         446   41626300773742.305     
         447   44338909218476.297     
         448   46016841240254.383     
         449   45197324301548.094     
         450   47092139183480.805     
         451   48472767356417.438     
         452   46573343707834.508     
         453   44642187949303.617     
         454   45220689701361.109     
         455   45947893558229.438     
         456   47201250160064.344     
         457   48109970635525.891     
         458   47343737322833.281     
         459   46009857063965.938     
         460   46925220434121.164     
         461   47598131150905.125     
         462   48366543922475.398     
         463   48559821808082.273     
         464   47169770060064.586     
         465   46990506998837.469     
         466   46885146301325.070     
         467   46162904131255.711     
         468   47392631831287.500     
         469   47158633117685.531     
         470   46132968131307.398     
         471   45960787702491.797     
         472   48287171310190.594     
         473   48241852182002.555     
         474   48200661617939.617     
         475   48828427839787.305     
         476   47852921532256.906     
         477   48231975857098.852     
         478   49415955432392.211     
         479   49210665643374.313     
         480   49888513121588.297     
         481   49929476106593.688     
         482   50183737414482.023     
         483   49271485878660.883     
         484   48827719746866.461     
         485   46838657109288.992     
         486   42878810105329.859     
         487   41956912067128.906     
         488   45904935527280.023     
         489   47692650027168.539     
         490   48934734721520.422     
         491   48634202259053.828     
         492   47083698054362.211     
         493   47099979237601.766     
         494   48767182655346.789     
         495   50091956464547.344     
         496   49124435587757.109     
         497   50599563150849.469     
         498   49192187795243.789     
         499   48044966106578.805     
         500   48574214716061.883     
         501   46507400741493.367     
         502   46746780999753.219     
         503   48490876525192.766     
         504   48536550340831.617     
         505   48902301020125.508     
         506   50568281135192.555     
         507   49616673787871.305     
         508   49003585494956.219     
         509   49269165914690.922     
         510   49638105740916.258     
         511   50728391321315.141     
         512   50260608406121.883     
         513   48282459289146.430     
         514   48417991404061.398     
         515   48984039701902.930     
         516   47073645420474.727     
         517   44135585740719.164     
         518   44361684202046.070     
         519   45147688853994.305     
         520   48014611430025.281     
         521   48941035702785.945     
         522   49344952634467.227     
         523   48876149308366.727     
         524   50768632844171.656     
         525   51584330972777.695     
         526   48515494429374.273     
         527   46161951527974.148     
         528   49455054325789.180     
         529   50874881230953.672     
         530   51670100110523.352     
         531   52430511792874.055     
         532   50638343453711.281     
         533   49268737449246.844     
         534   51129878469059.563     
         535   51597426955755.172     
         536   52546358360517.883     
         537   50833258108265.195     
         538   51345009310196.008     
         539   51017097749268.219     
         540   49314656773360.000     
         541   49229184002097.148     
         542   51000988030956.539     
         543   50466334334154.469     
         544   51594466175383.719     
         545   51870381722625.406     
         546   52207448430175.180     
         547   51499005665931.336     
         548   50953112916981.930     
         549   51891793099879.023     
         550   52332431995256.117     
         551   51861712785524.117     
         552   51922500147160.953     
         553   51830021497506.656     
         554   52760423289586.781     
         555   53160205833287.469     
         556   52598255762411.828     
         557   51411393863970.094     
         558   51498104479235.633     
         559   50605442021632.742     
         560   51406382747655.477     
         561   52029133045760.664     
         562   51966254388895.078     
         563   52668083460135.773     
         564   52920638653074.461     
         565   52397277238092.641     
         566   51638040866554.117     
         567   52845314884024.922     
         568   53438958349029.297     
         569   52418737696895.711     
         570   52731860574909.430     
         571   51458941999592.516     
         572   53233572942560.023     
         573   54581444858583.219     
         574   54275048680177.461     
         575   53865949066526.617     
         576   53347783949981.531     
         577   53861583180290.133     
         578   53533051067414.016     
         579   52509278229709.156     
         580   53607306561888.609     
         581   54036087913496.297     
         582   54612515704536.422     
         583   54976374702164.328     
         584   54767855438762.781     
         585   54243225384768.781     
         586   53161802512864.469     
         587   54384311095317.859     
         588   53970827592757.734     
         589   50780269127217.313     
         590   49797118698012.523     
         591   53856421000855.867     
         592   53592883142766.695     
         593   54014789204038.281     
         594   53648363955620.648     
         595   53337301541198.188     
         596   53822983929740.945     
         597   54171768985419.633     
         598   53527967702326.047     
         599   53285765694509.172     
         600   53471399568325.719     
         601   52991713260236.547     
         602   52895034585186.266     
         603   52931261392967.000     
         604   54387341276633.938     
         605   54124090408253.945     
         606   53899331360434.672     
         607   53884378364214.023     
         608   53792569448784.555     
         609   53568329731374.875     
         610   53300091683092.633     
         611   52901454067259.898     
         612   53536463022603.156     
         613   52534606635103.961     
         614   52422466402061.906     
         615   53158014058237.422     
         616   52276971272872.219     
         617   51013737384648.031     
         618   53389314907409.711     
         619   53687616201388.617     
         620   53655726609260.164     
         621   53920488713198.891     
         622   53258930595430.367     
         623   53407308844427.891     
         624   52365296890882.742     
         625   52002439614713.867     
         626   52170699169445.977     
         627   53690226323391.664     
         628   53775856668405.047     
         629   53671507206480.375     
         630   53071788581122.961     
         631   52351311863398.859     
         632   52425781842413.133     
         633   52699927770872.055     
         634   52885313086931.469     
         635   53048645623287.414     
         636   53122583259787.281     
         637   53174045264383.992     
         638   53212553823950.758     
         639   53247703190994.039     
         640   52844548332781.000     
         641   52330146150288.641     
         642   52382690274852.609     
         643   52577573383522.594     
         644   52759847020917.016     
         645   52939178430033.148     
         646   52728577165763.414     
         647   52419349714514.914     
         648   51834905844237.219     
         649   51179791392193.836     
         650   51739642256187.977     
         651   52605769790509.164     
         652   52752233556897.023     
         653   52718089857982.133     
         654   51893447129781.422     
         655   50868184969231.984     
         656   48769592907390.922     
         657   46396451610519.445     
         658   48162981016495.609     
         659   50973103337593.992     
         660   51891078249088.109     
         661   52335730898055.430     
         662   52274943417377.531     
         663   52086901846321.391     
         664   52178828685667.609     
         665   52341098002115.648     
         666   52101302730052.781     
         667   51759816320545.219     
         668   51901301935838.227     
         669   52164231466581.422     
         670   51874571830984.422     
         671   51445311902220.094     
         672   51488146455528.914     
         673   51649465384690.719     
         674   51593886646820.008     
         675   51483541186854.789     
         676   51495154037123.398     
         677   51537249688766.375     
         678   51470025611571.578     
         679   51375033638619.320     
         680   51334305759729.977     
         681   51306951463018.156     
         682   51183164640720.750     
         683   51034724444581.063     
         684   50734121500643.188     
         685   50394487878420.773     
         686   50550931018073.664     
         687   50832130821368.336     
         688   50864564197689.555     
         689   50834441152168.516     
         690   50706754791610.430     
         691   50554136285913.289     
         692   50582005929737.305     
         693   50655101314028.836     
         694   50560501966001.141     
         695   50423435256006.430     
         696   50173642603427.242     
         697   49894853734373.594     
         698   50022652922974.883     
         699   50252666690925.930     
         700   49806558563406.344     
         701   49189574628536.414     
         702   49150182660600.102     
         703   49255586634120.484     
         704   49715486155085.773     
         705   50265226604487.758     
         706   50219249261587.789     
         707   50023448492769.211     
         708   49812636141208.828     
         709   49597457628701.789     
         710   49624518255668.906     
         711   49712306412398.961     
         712   49613763728153.289     
         713   49468088732483.195     
         714   49393692810750.859     
         715   49336895843183.227     
         716   49193237865691.820     
         717   49027329321756.789     
         718   48672814540021.828     
         719   48270066742752.516     
         720   48286448492804.922     
         721   48407954753727.000     
         722   48733152604027.086     
         723   49110023399702.438     
         724   49269070269768.531     
         725   49373618434133.922     
         726   49390550428646.453     
         727   49385382874049.977     
         728   49042859158960.047     
         729   48614796668911.664     
         730   48685150143577.070     
         731   48880636978197.789     
         732   48855386814836.430     
         733   48774530396802.859     
         734   48678487881816.781     
         735   48578300640590.898     
         736   48581409045626.406     
         737   48610315344885.406     
         738   48237889323048.883     
         739   47763822138125.117     
         740   47422399131723.602     
         741   47113455936818.164     
         742   47520671986488.375     
         743   48108362734038.664     
         744   48173118352683.922     
         745   48106605660353.445     
         746   48204975281773.766     
         747   48344805543977.086     
         748   48228781133551.055     
         749   48048173004365.406     
         750   47942421398866.961     
         751   47855117913280.711     
         752   47843124012542.484     
         753   47849887161610.805     
         754   47841313104821.961     
         755   47828748759269.477     
         756   47770314024641.188     
         757   47700119552219.188     
         758   47614316341256.086     
         759   47524297885953.875     
         760   47510390995197.875     
         761   47515439087500.680     
         762   47627742937916.914     
         763   47767069844106.711     
         764   47537379748828.867     
         765   47214492069081.367     
         766   46643807625143.188     
         767   46009690456829.477     
         768   46208844745406.633     
         769   46617423586419.516     
         770   46763324989050.453     
         771   46843461130767.359     
         772   46970286709916.492     
         773   47108959215287.164     
         774   46873778474209.484     
         775   46544195420969.820     
         776   46651122543313.070     
         777   46867702228751.289     
         778   46818362538739.453     
         779   46702065927168.109     
         780   46726676318026.602     
         781   46786582313306.117     
         782   46673276242374.070     
         783   46516166990092.031     
         784   46595306345975.883     
         785   46733777530002.258     
         786   46761656811574.563     
         787   46761721089174.625     
         788   46761634340283.078     
         789   46761400177338.586     
         790   46554212040354.688     
         791   46294582245698.313     
         792   46050094905706.258     
         793   45808836206810.359     
         794   45662747877647.766     
         795   45540162184339.523     
         796   45849891814926.328     
         797   46268589224844.750     
         798   46125790824616.078     
         799   45841702297426.195     
         800   45943370409580.586     
         801   46141927766705.086     
         802   46017855644166.008     
         803   45812479719775.930     
         804   45590259813431.625     
         805   45363290937525.977     
         806   45443983893854.484     
         807   45601930091860.180     
         808   45272025174455.898     
         809   44818979653788.945     
         810   45082331734550.664     
         811   45525840233995.500     
         812   45675997423607.359     
         813   45752710260026.836     
         814   45681958954679.227     
         815   45573968818460.688     
         816   45547728141815.031     
         817   45541852114281.969     
         818   44909913452517.344     
         819   44119615785782.344     
         820   44284926922100.438     
         821   44690236950234.055     
         822   44699158497067.398     
         823   44608528944425.039     
         824   44666877470425.094     
         825   44762619649366.484     
         826   44841826190199.641     
         827   44916928075849.055     
         828   44908719992520.289     
         829   44879489004160.469     
         830   44833347352532.430     
         831   44782778856482.313     
         832   44229361535143.742     
         833   43548671644589.844     
         834   43773076192676.922     
         835   44224894738706.703     
         836   44340991585624.695     
         837   44372965408468.188     
         838   44253017422642.047     
         839   44094646344159.922     
         840   44155652072906.766     
         841   44271721114577.578     
         842   44048854348208.156     
         843   43740451132759.703     
         844   43805078241989.844     
         845   43963322656193.469     
         846   43900364109033.445     
         847   43781701711836.648     
         848   42877161551316.750     
         849   41773754142292.414     
         850   42139580774368.367     
         851   42874602667337.945     
         852   42547561841484.094     
         853   41953384024002.609     
         854   40222743907741.680     
         855   38203843795016.516     
         856   40144513320554.078     
         857   43081947659247.445     
         858   43469165133992.211     
         859   43217126309171.836     
         860   43206823217448.570     
         861   43257063709561.891     
         862   43342019105435.813     
         863   43435743840397.750     
         864   42990243756356.984     
         865   42408597593918.375     
         866   40761777693295.766     
         867   38844782923266.328     
         868   40016903178331.219     
         869   41965979100465.539     
         870   42115024890585.078     
         871   41970503517359.641     
         872   41865052458517.023     
         873   41935034529618.094     
         874   42049064654131.570     
         875   42145630578973.203     
         876   42237899423317.617     
         877   41871118054377.820     
         878   41388468653773.320     
         879   41347101249620.273     
         880   41416287911174.609     
         881   41254908412999.953     
         882   41035329084858.977     
         883   41277429761253.055     
         884   41635688480832.836     
         885   41477859043804.195     
         886   41190211115322.703     
         887   41205438601940.047     
         888   41296595923172.563     
         889   41280447141075.453     
         890   41237275504658.883     
         891   41104195489303.156     
         892   40948258782417.633     
         893   41007649114668.266     
         894   41121075082851.750     
         895   41270700062725.797     
         896   41429577656388.328     
         897   41046840333573.117     
         898   40527520642254.789     
         899   40368992287624.805     
         900   40300628122039.461     
         901   40359011609486.484     
         902   40449212440288.617     
         903   40321317492302.383     
         904   40138430431688.406     
         905   40137268929640.508     
         906   40181619503043.438     
         907   39732857478456.031     
         908   39159582604655.117     
         909   39280490881068.922     
         910   39575660717250.992     
         911   39809365468084.086     
         912   40027967130219.484     
         913   39995690512675.328     
         914   39855447846415.570     
         915   39763168260903.703     
         916   39691347312008.828     
         917   39716213531286.820     
         918   39782633014458.375     
         919   39411903382831.656     
         920   38852706571690.453     
         921   38600529160170.422     
         922   38479989352500.695     
         923   38570517610348.281     
         924   38751854298362.047     
         925   38917192081566.133     
         926   39075801178092.070     
         927   39250998176335.086     
         928   39433492721908.555     
         929   39436228908406.234     
         930   39361634989322.609     
         931   39500042280343.148     
         932   39730143987596.461     
         933   39615423241728.617     
         934   39352263352776.711     
         935   39055498943128.922     
         936   38743871825334.648     
         937   38811215406029.656     
         938   39041514199512.211     
         939   39024043585358.008     
         940   38899979887263.984     
         941   38642926287905.297     
         942   38328329022122.961     
         943   38528057734233.266     
         944   38949091453376.453     
         945   39021265249164.039     
         946   38943499819541.523     
         947   38681942150154.938     
         948   38341001237200.164     
         949   38300237298023.195     
         950   38388419425757.617     
         951   38325891683656.578     
         952   38198455121629.867     
         953   38003501691736.180     
         954   37779239937992.789     
         955   37975095410762.180     
         956   38351743833137.617     
         957   38442442223568.781     
         958   38410270275175.922     
         959   38293459831976.773     
         960   38140082398242.797     
         961   38052169358271.813     
         962   37992241262559.539     
         963   37966219447502.195     
         964   37954688492912.234     
         965   37807707410655.992     
         966   37602277144016.820     
         967   37644930777789.578     
         968   37794239112992.148     
         969   37795061705109.688     
         970   37732008323422.273     
         971   37815880266984.633     
         972   37962963513951.164     
         973   37727790817302.805     
         974   37327968550512.297     
         975   37343501796410.836     
         976   37537554293715.719     
         977   37548594203886.070     
         978   37480928090565.047     
         979   37422877050491.727     
         980   37368846842373.883     
         981   37426462494306.961     
         982   37532091146403.391     
         983   37487692432333.344     
         984   37378707353129.086     
         985   37309168336871.102     
         986   37256457383113.281     
         987   37220260319575.641     
         988   37191076400513.320     
         989   37016421911350.047     
         990   36778995105626.008     
         991   36851123622310.672     
         992   37056351970110.953     
         993   37125971068960.492     
         994   37137338229903.938     
         995   37095354673743.695     
         996   37030351403884.867     
         997   36997817346288.250     
         998   36979159910965.961     
         999   36930509271882.047     
        1000   36868869534967.297     
        1001   36847537855710.992     
        1002   36826087597812.047     
        1003   36454105718212.992     
        1004   36081308814761.438     
        1005   35511649840976.031     
        1006   34940785699962.027     
        1007   35706265267482.906     
        1008   36473196170011.086     
        1009   36480934036529.227     
        1010   36488617830929.930     
        1011   36424990792608.570     
        1012   36361166416240.305     
        1013   36227024746824.594     
        1014   36092549620475.313     
        1015   35979966183788.828     
        1016   35867088445524.273     
        1017   35838393998165.875     
        1018   35809573696923.977     
        1019   35750875684652.234     
        1020   35691993424272.945     
        1021   35637809589073.914     
        1022   35583451070259.578     
        1023   35786412571589.523     
        1024   35989702800259.711     
        1025   35955965649496.242     
        1026   35922091743434.219     
        1027   35934096044241.438     
        1028   35946055539820.773     
        1029   35712693961504.063     
        1030   35478810850517.945     
        1031   35569049495174.273     
        1032   35659396371057.023     
        1033   35224627773216.797     
        1034   34788950516564.379     
        1035   35111768298599.695     
        1036   35435144868581.281     
        1037   35209113500633.633     
        1038   34982577856393.422     
        1039   34987773053700.242     
        1040   34992913377651.633     
        1041   35024203513283.168     
        1042   35055489120775.484     
        1043   35139800776873.910     
        1044   35224209593379.141     
        1045   34854981335216.242     
        1046   34484981846579.598     
        1047   34631534424474.488     
        1048   34778303973036.051     
        1049   34841855392806.047     
        1050   34905464707743.277     
        1051   34856167661906.016     
        1052   34806715954245.969     
        1053   34679182717133.758     
        1054   34551346822675.941     
        1055   34658217856071.289     
        1056   34765229344195.406     
        1057   34347721443026.176     
        1058   33929363684755.543     
        1059   34001950640052.523     
        1060   34074611689259.449     
        1061   34266994228050.875     
        1062   34459678815247.027     
        1063   34306438040663.031     
        1064   34152845463084.965     
        1065   34005608158657.992     
        1066   33858031632962.496     
        1067   33731874837998.887     
        1068   33605422038254.168     
        1069   33364855956939.836     
        1070   33123778479761.168     
        1071   33402745919578.945     
        1072   33682176497842.105     
        1073   33466203464017.867     
        1074   33249769306289.449     
        1075   33260974115814.730     
        1076   33272142173698.457     
        1077   33193003259640.117     
        1078   33113659961219.152     
        1079   33425201094731.840     
        1080   33737265226034.816     
        1081   32988137611670.453     
        1082   32237568689219.809     
        1083   32488165942690.004     
        1084   32739170957614.852     
        1085   33068146535110.031     
        1086   33397670360838.160     
        1087   32616092239684.555     
        1088   31833019489201.676     
        1089   32456268679280.203     
        1090   33080608761737.250     
        1091   32930812980818.219     
        1092   32780689461515.555     
        1093   31789207457605.883     
        1094   30795856284528.223     
        1095   31234124678422.051     
        1096   31673144656434.316     
        1097   31669185547274.391     
        1098   31665164019386.512     
        1099   32074915845332.164     
        1100   32485360870329.238     
        1101   32158506719189.391     
        1102   31831002658741.598     
        1103   32042291563760.414     
        1104   32253911210660.668     
        1105   32257261317145.445     
        1106   32260564608439.641     
        1107   32210321561521.797     
        1108   32159935042641.867     
        1109   32184212736598.254     
        1110   32208484409823.523     
        1111   32002599035432.777     
        1112   31796290795106.816     
        1113   31842253866813.715     
        1114   31888248150173.844     
        1115   31936519858634.906     
        1116   31984824253027.078     
        1117   31947414300615.969     
        1118   31909883489467.844     
        1119   31608320648693.535     
        1120   31306170372281.273     
        1121   31590606245292.813     
        1122   31875499716761.406     
        1123   31808652315276.859     
        1124   31741635266530.027     
        1125   31362110839340.016     
        1126   30981864075507.113     
        1127   31223551455036.715     
        1128   31465616327539.316     
        1129   31256509369814.402     
        1130   31046982567966.082     
        1131   31170395889744.887     
        1132   31293976271931.930     
        1133   31212682217713.277     
        1134   31131195861800.750     
        1135   31271781009222.988     
        1136   31412562908643.773     
        1137   31096213143100.453     
        1138   30779260878645.145     
        1139   30672135749793.594     
        1140   30564775024926.195     
        1141   30659365948508.840     
        1142   30754073065334.195     
        1143   30762302134230.313     
        1144   30770498480567.285     
        1145   31001156814713.570     
        1146   31232168439867.328     
        1147   31136721972682.863     
        1148   31041061556643.531     
        1149   31018644971401.051     
        1150   30996142301149.910     
        1151   30935312831023.316     
        1152   30874330828077.699     
        1153   30961494344256.469     
        1154   31048765208010.648     
        1155   30933508658280.328     
        1156   30818008587145.891     
        1157   30814962999168.074     
        1158   30811863412328.848     
        1159   30490440134635.473     
        1160   30168418941111.352     
        1161   29996585988604.730     
        1162   29824412226089.133     
        1163   30003179948261.047     
        1164   30182208292544.828     
        1165   30205497716683.258     
        1166   30228785277371.074     
        1167   30312576389756.688     
        1168   30396466672511.797     
        1169   30171207333986.613     
        1170   29945518083210.477     
        1171   30181561945312.027     
        1172   30417965242771.734     
        1173   30422366985552.484     
        1174   30426731981270.195     
        1175   30029126350799.633     
        1176   29630802522652.668     
        1177   29569490807988.730     
        1178   29508032095915.594     
        1179   29892759144454.625     
        1180   30278093632110.113     
        1181   30087937694749.875     
        1182   29897416278407.859     
        1183   29420079305383.766     
        1184   28941889865511.695     
        1185   29419408834019.988     
        1186   29897692485743.086     
        1187   29416774761869.070     
        1188   28935006974861.031     
        1189   29241582582500.203     
        1190   29548632907618.191     
        1191   29699670575357.840     
        1192   29850922906198.781     
        1193   29850741400614.379     
        1194   29850517607978.609     
        1195   29648122158389.535     
        1196   29445346129916.617     
        1197   28800192535673.164     
        1198   28153922597154.410     
        1199   28566135464475.168     
        1200   28978996725619.457     
